4294967278,16
4294967278,15
4294967278,14
4294967279,276
4294967279,256
4294967278,357
4294967278,356
4294967278,20
4294967278,19
4294967278,18
4294967278,17
4294967279,354
4294967278,355
4294967279,353
4294967278,354
4294967279,352
4294967278,353
4294967279,351
4294967278,352
18,2
4294967279,350
4294967278,351
4294967279,349
4294967278,350
4294967278,349
4294967279,348
4294967278,254
4294967278,28
4294967278,27
4294967278,26
4294967278,25
4294967278,24
4294967278,23
4294967278,22
4294967278,21
4294967278,253
4294967279,347
4294967279,346
4294967278,251
4294967278,248
18,6
18,5
4294967278,246
18,4
4294967278,42
4294967278,41
4294967278,40
4294967278,39
4294967278,38
4294967278,37
4294967278,36
4294967278,35
4294967278,34
4294967278,33
4294967278,32
4294967278,31
4294967278,30
4294967278,29
4294967278,245
4294967278,243
4294967278,239
4294967279,345
4294967279,174
4294967278,237
4294967278,348
4294967278,236
4294967278,234
4294967278,235
4294967278,232
4294967278,228
27,5
4294967278,226
27,4
27,3
27,2
27,1
4294967278,224
4294967278,221
4294967294,427
4294967278,219
4294967278,217
4294967278,215
4294967279,344
4294967278,213
4294967279,343
4294967278,212
4294967278,347
4294967278,346
4294967278,211
4294967278,210
4294967278,207
4294967278,209
26,5
26,4
4294967278,208
26,3
26,2
26,1
4294967278,345
4294967279,342
4294967278,344
4294967278,343
4294967294,392
4294967294,388
4294967294,115
4294967279,341
4294967278,342
4294967279,340
4294967278,341
4294967278,202
4294967294,386
4294967294,387
4294967279,339
4294967278,201
4294967278,340
4294967278,200
4294967278,199
4294967278,196
4294967278,198
25,5
25,4
4294967278,197
25,2
25,1
4294967278,339
4294967279,46
4294967279,43
4294967279,42
4294967279,41
4294967279,40
4294967279,39
4294967279,37
4294967279,36
4294967279,35
4294967279,338
4294967278,338
4294967279,337
4294967278,337
4294967278,336
4294967279,336
4294967278,335
4294967279,335
4294967278,334
4294967278,190
4294967279,334
4294967278,189
4294967278,333
4294967294,89
4294967278,188
4294967278,187
4294967278,184
4294967278,186
24,5
24,4
4294967278,185
24,2
24,1
4294967278,318
4294967278,183
4294967278,332
4294967279,33
4294967279,32
4294967279,31
4294967279,29
4294967279,28
4294967278,317
4294967278,331
4294967279,333
4294967279,332
4294967278,330
4294967279,331
4294967278,329
4294967279,330
4294967278,177
4294967278,176
4294967278,328
4294967278,175
4294967278,172
23,5
4294967278,171
23,4
23,2
23,1
4294967279,26
4294967279,24
4294967278,170
4294967294,46
4294967294,120
4294967294,114
4294967279,329
4294967279,23
4294967279,21
4294967279,20
4294967279,19
4294967279,18
4294967279,17
4294967279,12
4294967279,11
4294967279,10
21,4
4294967279,328
4294967278,327
4294967279,327
4294967278,326
4294967278,260
4294967278,0
4294967278,312
4294967294,81
4294967294,50
4294967294,1080
4294967294,29
4294967278,305
4294967279,326
4294967279,260
4294967279,0
4294967278,311
4294967278,162
4294967294,38
4294967294,37
4294967294,36
4294967294,41
4294967294,39
4294967294,393
4294967294,45
4294967294,1416
4294967294,44
4294967294,43
4294967278,161
4294967278,310
4294967278,160
4294967278,159
4294967278,158
22,5
22,4
22,3
22,2
22,1
4294967279,158
4294967294,40
4294967279,325
4294967294,99
4294967294,76
4294967294,52
4294967294,5
4294967294,1031
4294967294,107
4294967294,389
4294967294,83
4294967294,202
4294967294,82
4294967294,92
4294967294,90
4294967294,88
4294967294,86
4294967294,85
4294967294,1415
4294967294,417
4294967294,1079
4294967294,473
4294967279,294
4294967294,6
4294967279,148
4294967294,22
21,5
21,2
21,1
4294967294,9
4294967279,146
4294967278,132
4294967278,131
4294967278,130
4294967278,129
4294967278,128
4294967278,127
4294967278,126
4294967278,125
4294967278,124
4294967278,123
4294967278,122
4294967278,121
4294967278,120
4294967278,119
4294967278,118
4294967278,117
4294967278,116
4294967278,115
4294967278,114
4294967278,113
4294967278,112
4294967278,111
4294967278,110
4294967278,109
4294967278,108
4294967278,107
4294967278,106
4294967278,105
4294967278,104
4294967278,103
4294967278,102
4294967278,101
4294967278,100
